  6.00000028498470783E-004  0.99999999999999989        0.0000000000000000        0.0000000000000000        0.0000000000000000       1.40970505024012069E-003  0.99859029494975970      -3.07805954829317822E-002  2.15812788243365185E-020
   10.000000000000000       0.99999976252551837       2.37474481546348663E-007  2.33400603586382960E-006  3.97974111098734862E-004  1.83716899687320499E-003  0.99816283100312853      -3.51715631597739817E-002 -3.97974111098734591E-004
   20.000000000000000       0.99999890754579057       1.09245420997175171E-006  9.78152926210287885E-006  8.53537257962445049E-004  2.39076752076495353E-003  0.99760923247923616      -4.01637117339766342E-002 -8.53537257962445049E-004
   30.000000000000000       0.99999716449677689       2.83550322358623885E-006  2.30822484472665476E-005  1.37497734129697169E-003  3.10552332841313068E-003  0.99689447667158648      -4.58306844775646857E-002 -1.37497734129697234E-003
   40.000000000000000       0.99999416736798274       5.83263201643352073E-006  4.30823397909510441E-005  1.97178293409337301E-003  4.02499296911736602E-003  0.99597500703088104      -5.22512719103897308E-002 -1.97178293409337301E-003
   50.000000000000000       0.99998942339322339       1.05766067769375584E-005  7.07499024199512616E-005  2.65481671779882163E-003  5.20273667990808590E-003  0.99479726332009355      -5.95082032551077222E-002 -2.65481671779882206E-003
   60.000000000000000       0.99998227177305044       1.77282269494763698E-005  1.07192610358256761E-004  3.43651365500966758E-003  6.70374924539642470E-003  0.99329625075460481      -6.76862517471532033E-002 -3.43651365500966845E-003
   70.000000000000000       0.99997182929756567       2.81707024345504838E-005  1.53677907900200345E-004  4.33110725262644911E-003  8.60569438833103453E-003  0.99139430561166919      -7.68695161061824367E-002 -4.33110725262645085E-003
   80.000000000000000       0.99995691876755832       4.30812324410784458E-005  2.11656107247886767E-004  5.35488763403244982E-003  1.09997293873388517E-002  0.98900027061266238      -8.71377693251543101E-002 -5.35488763403245069E-003
   90.000000000000000       0.99993597483886665       6.40251611336874454E-005  2.82786794357379448E-004  6.52649548675467497E-003  1.39906548135266626E-002  0.98600934518647609      -9.85618248993643115E-002 -6.52649548675467324E-003
   100.00000000000000       0.99990692025329919       9.30797467006665028E-005  3.68968999502248879E-004  7.86725625726906325E-003  1.76960885332444716E-002  0.98230391146675822      -0.11119796437185268      -7.86725625726906325E-003
   110.00000000000000       0.99986700326091804       1.32996739081285266E-004  4.72375642777478246E-004  9.40155917364647251E-003  2.22443584646854764E-002  0.97775564153531469      -0.12508159811805186      -9.40155917364646904E-003
   120.00000000000000       0.99981258422739772       1.87415772601799913E-004  5.95492819598848300E-004  1.11572856952100990E-002  2.77708507337815109E-002  0.97222914926621551      -0.14022048531053441      -1.11572856952100972E-002
   130.00000000000000       0.99973885578443034       2.61144215569782449E-004  7.41164545631532029E-004  1.31662916940812370E-002  3.44126515705040770E-002  0.96558734842949445      -0.15658800109967533      -1.31662916940812336E-002
   140.00000000000000       0.99963947619925397       3.60523800745754064E-004  9.12643627218951889E-004  1.54649468580448004E-002  4.23014875482264838E-002  0.95769851245177295      -0.17411708182825142      -1.54649468580448004E-002
   150.00000000000000       0.99950608964080689       4.93910359192621250E-004  1.11364935689223883E-003  1.80947331516079293E-002  5.15551922747990929E-002  0.94844480772520068      -0.19269556851837180      -1.80947331516079293E-002
   160.00000000000000       0.99932769940457344       6.72300595426983351E-004  1.34843273991412551E-003  2.11029012266349437E-002  6.22681856822130536E-002  0.93773181431778674      -0.21216367014782445      -2.11029012266349437E-002
   170.00000000000000       0.99908985061561761       9.10149384382385801E-004  1.62184991759802477E-003  2.45431787344275246E-002  7.45017067008702377E-002  0.92549829329912991      -0.23231415418546419      -2.45431787344275315E-002
   180.00000000000000       0.99877356714376508       1.22643285623470267E-003  1.93944433711762377E-003  2.84765165506682752E-002  8.82747427557999537E-002  0.91172525724420062      -0.25289563188307002      -2.84765165506682787E-002
   190.00000000000000       0.99835397327961484       1.64602672038493864E-003  2.30753798097510163E-003  3.29718465298162594E-002  0.10355669990541773       0.89644330009457973      -0.27361895315253004      -3.29718465298162594E-002
   200.00000000000000       0.99779851423756527       2.20148576243449703E-003  2.73333154695809067E-003  3.81068055006322098E-002  0.12026281550890096       0.87973718449109806      -0.29416630010645795      -3.81068055006322098E-002
   210.00000000000000       0.99706467145329025       2.93532854670906958E-003  3.22501276683344372E-003  4.39683519811448556E-002  0.13825311319308886       0.86174688680691092      -0.31420213173776029      -4.39683519811448417E-002
   220.00000000000000       0.99609705069769450       3.90294930230570105E-003  3.79187093701048323E-003  5.06531607836716788E-002  0.15733535029563012       0.84266464970437105      -0.33338475933241823      -5.06531607836716788E-002
   230.00000000000000       0.99482370681782240       5.17629318217698205E-003  4.44441402103166669E-003  5.82676215719177965E-002  0.17727195578896696       0.82272804421103152      -0.35137709521175864      -5.82676215719178034E-002
   240.00000000000000       0.99315156498531776       6.84843501468284516E-003  5.19448212802971210E-003  6.69271850605741569E-002  0.19779047238575792       0.80220952761423980      -0.36785507088014291      -6.69271850605741708E-002
   250.00000000000000       0.99096081576828421       9.03918423171465660E-003  6.05534745960548213E-003  7.67546894709221911E-002  0.21859658211869351       0.78140341788130807      -0.38251239068963305      -7.67546894709221911E-002
   260.00000000000000       0.98809821762034922       1.19017823796503455E-002  7.04178558178988456E-003  8.78771565184931630E-002  0.23938848585394659       0.76061151414605477      -0.39506066827961783      -8.78771565184931491E-002
   270.00000000000000       0.98436936129253416       1.56306387074662545E-002  8.17009573431431990E-003  0.10042037246772358       0.25987127623174966       0.74012872376825090      -0.40522455475793878      -0.10042037246772358     
   280.00000000000000       0.97953017122277275       2.04698287772268027E-002  9.45803853605602790E-003  0.11450037887257326       0.27977000793205958       0.72022999206794114      -0.41273216787409450      -0.11450037887257326     
   290.00000000000000       0.97327828155799412       2.67217184420063016E-002  1.09246478529632738E-002  0.13021082313938465       0.29884040895626940       0.70115959104373049      -0.41730193250470626      -0.13021082313938465     
   300.00000000000000       0.96524547146906037       3.47545285309395144E-002  1.25898603144028540E-002  0.14760502654496935       0.31687654075210231       0.68312345924789775      -0.41862782079492195      -0.14760502654496935     
   310.00000000000000       0.95499310115643221       4.50068988435668588E-002  1.44738925878732539E-002  0.16667172607099279       0.33371513460455593       0.66628486539544385      -0.41636592092953650      -0.16667172607099279     
   320.00000000000000       0.94201343447174579       5.79865655282532783E-002  1.65962862483522121E-002  0.18730389540663900       0.34923673600138877       0.65076326399861262      -0.41012623662069719      -0.18730389540663900     
   330.00000000000000       0.92574075277094636       7.42592472290537348E-002  1.89745382744350884E-002  0.20926104782252644       0.36336411922673267       0.63663588077326538      -0.39947453180431003      -0.20926104782252647     
   340.00000000000000       0.90557700039488720       9.44229996051128007E-002  2.16222496558276765E-002  0.23212716428733876       0.37605865430002167       0.62394134569997706      -0.38394966987738377      -0.23212716428733876     
   350.00000000000000       0.88093691461490198       0.11906308538509790       2.45467649984082159E-002  0.25526897745878163       0.38731540476746745       0.61268459523253227      -0.36310186206741862      -0.25526897745878158     
   360.00000000000000       0.85131656669152755       0.14868343330847272       2.77463520671028113E-002  0.27780264751974804       0.39715771598727750       0.60284228401272166      -0.33655596554417999      -0.27780264751974804     
   370.00000000000000       0.81638629332343537       0.18361370667656537       3.12070878392981844E-002  0.29858036043525671       0.40563194190330448       0.59436805809669502      -0.30410081108246595      -0.29858036043525671     
   380.00000000000000       0.77610362583260539       0.22389637416739511       3.48997733348883551E-002  0.31621100440331718       0.41280278304261331       0.58719721695738747      -0.26580000969947182      -0.31621100440331723     
   390.00000000000000       0.73083409140027744       0.26916590859972361       3.87773737944962643E-002  0.32912926181909541       0.41874949948124429       0.58125050051875682      -0.22211185768880956      -0.32912926181909535     
   400.00000000000000       0.68145874282366636       0.31854125717633369       4.27736335905899642E-002  0.33572340341511453       0.42356304729744265       0.57643695270255690      -0.17399690153302635      -0.33572340341511459     
   410.00000000000000       0.62943934206966212       0.37056065793033777       4.68035868617825909E-002  0.33452244807702441       0.42734399041233306       0.57265600958766549      -0.12298379825766811      -0.33452244807702441     
   420.00000000000000       0.57680878380420786       0.42319121619579292       5.07666067709226718E-002  0.32442820068606826       0.43020088502041931       0.56979911497957769      -7.11608040283835952E-002 -0.32442820068606826     
   430.00000000000000       0.52605938921176087       0.47394061078823990       5.45523535350265071E-002  0.30495933393856878       0.43224874332308666       0.56775125667691562      -2.10653213163535698E-002 -0.30495933393856878     
   440.00000000000000       0.47991763515635244       0.52008236484364834       5.80494830027756675E-002  0.27645812393655517       0.43360717615728045       0.56639282384271838       2.45400717480416287E-002 -0.27645812393655517     
   450.00000000000000       0.44101999485756554       0.55898000514243507       6.11563250562228017E-002  0.24020250678438926       0.43439790094881270       0.56560209905118752       6.29905204030864474E-002 -0.24020250678438926     
   460.00000000000000       0.41153568500222670       0.58846431499777285       6.37920780676790311E-002  0.19837318861231829       0.43474147676367303       0.56525852323632642       9.20949678308754377E-002 -0.19837318861231834     
   470.00000000000000       0.39280893548404100       0.60719106451595872       6.59065952914781872E-002  0.15385065279258256       0.43475336448088858       0.56524663551911070       0.11049280004931095      -0.15385065279258256     
   480.00000000000000       0.38510485511941073       0.61489514488058916       6.74867658702015816E-002  0.10985683393178215       0.43453965703036657       0.56546034296963432       0.11790698215901692      -0.10985683393178218     
   490.00000000000000       0.38753076097768319       0.61246923902231631       6.85579398014966729E-002  6.95007288574478743E-002  0.43419301785696046       0.56580698214304015       0.11522180930972047      -6.95007288574478882E-002
   500.00000000000000       0.39816803449013038       0.60183196550987050       6.91797805187280845E-002  3.53213958940324022E-002  0.43378944431147198       0.56621055568852896       0.10435020652233304      -3.53213958940324091E-002
   510.00000000000000       0.41439668845998923       0.58560331154001111       6.94371406440325994E-002  8.93199265722630087E-003  0.43338640034454023       0.56661359965546088       8.79084014318245316E-002 -8.93199265722629566E-003
   520.00000000000000       0.43334212935622329       0.56665787064377593       6.94277052096205216E-002 -9.15257419128340764E-003  0.43302264510929084       0.56697735489070888       6.87685036056680937E-002  9.15257419128339897E-003
   530.00000000000000       0.45233982850066540       0.54766017149933510       6.92488725404395988E-002 -1.94693909349919238E-002  0.43271977210189638       0.56728022789810262       4.95932989044452835E-002  1.94693909349919585E-002
   540.00000000000000       0.46931131374759621       0.53068868625240317       6.89864101760624127E-002 -2.33666852042371809E-002  0.43248515090926404       0.56751484909073713       3.24598650124997903E-002  2.33666852042371705E-002
   550.00000000000000       0.48297486122247429       0.51702513877752609       6.87068165667379938E-002 -2.26424619020819083E-002  0.43231571922092271       0.56768428077907906       1.86486339687269714E-002  2.26424619020819083E-002
   560.00000000000000       0.49286587330093778       0.50713412669906177       6.84542502997683155E-002 -1.91613509636314773E-002  0.43220197005876371       0.56779802994123674       8.62290382975621633E-003  1.91613509636315085E-002
   570.00000000000000       0.49919528632396037       0.50080471367603963       6.82517211670759932E-002 -1.45404795295553738E-002  0.43213153515058456       0.56786846484941533       2.17042741043708140E-003  1.45404795295553651E-002
   580.00000000000000       0.50261238700789801       0.49738761299210138       6.81053284990954938E-002 -9.96151661353689849E-003  0.43209194739811407       0.56790805260188393      -1.35934109866919501E-003  9.96151661353690543E-003
   590.00000000000000       0.50394937029090536       0.49605062970909308       6.80099170972224276E-002 -6.12076065056262313E-003  0.43207240704571998       0.56792759295427930      -2.79971776542624166E-003  6.12076065056263094E-003
   600.00000000000000       0.50401099488673506       0.49598900511326438       6.79546236758751948E-002 -3.29038742221209697E-003  0.43206460351226222       0.56793539648773839      -2.95637245973530850E-003  3.29038742221209003E-003
   610.00000000000000       0.50344351804401022       0.49655648195599056       6.79272590160782674E-002 -1.44246664438269661E-003  0.43206280287071425       0.56793719712928659      -2.47623015102083977E-003  1.44246664438270377E-003
   620.00000000000000       0.50268587648721375       0.49731412351278581       6.79170804061029892E-002 -3.85689886780480034E-004  0.43206347732443129       0.56793652267556816      -1.79866517359106239E-003  3.85689886780488870E-004
   630.00000000000000       0.50198368273251159       0.49801631726748824       6.79160368889671906E-002  1.21346387896821393E-004  0.43206473732853484       0.56793526267146466      -1.16955113375340224E-003 -1.21346387896814441E-004
   640.00000000000000       0.50143728798654241       0.49856271201345670       6.79188902883091222E-002  2.97250078086181823E-004  0.43206575977507578       0.56793424022492334      -6.89401193757019620E-004 -2.97250078086172228E-004
   650.00000000000000       0.50105790532223682       0.49894209467776335       6.79227063835597250E-002  3.04632244009336438E-004  0.43206632201178674       0.56793367798821470      -3.69572404473424675E-004 -3.04632244009335679E-004
   660.00000000000000       0.50081477891552473       0.49918522108447649       6.79261364401518436E-002  2.46164754608359790E-004  0.43206647876378895       0.56793352123620888      -1.79502268645834829E-004 -2.46164754608366025E-004
   670.00000000000000       0.50066642967338515       0.49933357032661474       6.79287586869787435E-002  1.76331721787496419E-004  0.43206637074215692       0.56793362925784385      -7.79966869008899717E-005 -1.76331721787489101E-004
   680.00000000000000       0.50057682578113605       0.49942317421886390       6.79305971600502878E-002  1.17768011944076914E-004  0.43206613126191784       0.56793386873808316      -2.94144500174999896E-005 -1.17768011944072726E-004
   690.00000000000000       0.50052054535428159       0.49947945464571863       6.79318309093153716E-002  7.58217237612731271E-005  0.43206585390220048       0.56793414609779980      -8.81893090189813925E-006 -7.58217237612720293E-005
   700.00000000000000       0.50048214004412794       0.49951785995587256       6.79326497020420333E-002  4.82851106701336774E-005  0.43206559136064460       0.56793440863935507      -1.31365999176448095E-006 -4.82851106701283174E-005
   710.00000000000000       0.50045327961549269       0.49954672038450865       6.79332016285106449E-002  3.10795423349642758E-005  0.43206536609286983       0.56793463390713217       8.48921926092280910E-007 -3.10795423349703948E-005
   720.00000000000000       0.50042988044750536       0.49957011955249481       6.79335867828261414E-002  2.05065066242747144E-005  0.43206518233504593       0.56793481766495424       1.17430453542440582E-006 -2.05065066242807690E-005
   730.00000000000000       0.50041004529741528       0.49958995470258266       6.79338677139500885E-002  1.39890883051532552E-005  0.43206503539384111       0.56793496460615667       1.01520841415400866E-006 -1.39890883051532942E-005
   740.00000000000000       0.50039287138653898       0.49960712861346068       6.79340822593536009E-002  9.89413511157620586E-006  0.43206491746472941       0.56793508253526992       7.83411029521996732E-007 -9.89413511157237558E-006
   750.00000000000000       0.50037781702517448       0.49962218297482597       6.79342535760399241E-002  7.26563164709565508E-006  0.43206482066302876       0.56793517933697202       5.93549317429270026E-007 -7.26563164709238215E-006
   760.00000000000000       0.50036453600141051       0.49963546399858966       6.79343961746606551E-002  5.55336323524932562E-006  0.43206473826052794       0.56793526173947217       4.31072038141192017E-007 -5.55336323525026414E-006
   770.00000000000000       0.50035271133189285       0.49964728866810726       6.79345197729516875E-002  4.39465822066085097E-006  0.43206466494330670       0.56793533505669191       3.14981241130690865E-007 -4.39465822066107713E-006
   780.00000000000000       0.50034212232143127       0.49965787767856806       6.79346309965572354E-002  3.61909517052901258E-006  0.43206459663231445       0.56793540336768522       2.23756985884222228E-007 -3.61909517052487313E-006
   790.00000000000000       0.50033257910847106       0.49966742089152949       6.79347347147055552E-002  3.05355497342707519E-006  0.43206453015493257       0.56793546984506760       1.52276215899017469E-007 -3.05355497342365741E-006
   800.00000000000000       0.50032391087924077       0.49967608912075889       6.79348347494195121E-002  2.65053982733942053E-006  0.43206446292450290       0.56793553707549649       1.14970633201744305E-007 -2.65053982734095577E-006
   810.00000000000000       0.50031602877339687       0.49968397122660380       6.79349340968752602E-002  2.33889546658942315E-006  0.43206439268545921       0.56793560731454151       7.50669476809278402E-008 -2.33889546659277486E-006
   820.00000000000000       0.50030880295913882       0.49969119704086179       6.79350355660039013E-002  2.08409299470015688E-006  0.43206431735253414       0.56793568264746541       6.08399842438045925E-008 -2.08409299469915061E-006
   830.00000000000000       0.50030217623038142       0.49969782376961830       6.79351415362729472E-002  1.88529792269140447E-006  0.43206423494186091       0.56793576505813637       4.66136377777261471E-008 -1.88529792269114845E-006
   840.00000000000000       0.50029607860625347       0.49970392139374620       6.79352542587653152E-002  1.70579847339580590E-006  0.43206414358171430       0.56793585641828548       3.39355059072397361E-008 -1.70579847339240041E-006
   850.00000000000000       0.50029044286759061       0.49970955713240789       6.79353757535739317E-002  1.55634247928925145E-006  0.43206404157592204       0.56793595842407951       3.28079896592330421E-008 -1.55634247929021113E-006
   860.00000000000000       0.50028524012075026       0.49971475987924863       6.79355076414968756E-002  1.42705947780542555E-006  0.43206392748344014       0.56793607251655875       2.36856649143013690E-008 -1.42705947780822330E-006
   870.00000000000000       0.50028041418488989       0.49971958581511067       6.79356512968934262E-002  1.30660134367702731E-006  0.43206380017424922       0.56793619982574894       2.12586607240330127E-008 -1.30660134367689814E-006
   880.00000000000000       0.50027593532500869       0.49972406467499031       6.79358076832505958E-002  1.20575032198228215E-006  0.43206365882892850       0.56793634117106961       1.93453996321054278E-008 -1.20575032198178028E-006
   890.00000000000000       0.50027177500612630       0.49972822499387320       6.79359775172454633E-002  1.11179125777708522E-006  0.43206350286602324       0.56793649713397643       1.51004816782336778E-008 -1.11179125777757607E-006
   900.00000000000000       0.50026790024213796       0.49973209975786215       6.79361614135530617E-002  1.02740242432639695E-006  0.43206333180666728       0.56793666819333077       1.38733360146986148E-008 -1.02740242432460548E-006
   910.00000000000000       0.50026428924836897       0.49973571075163048       6.79363600122684930E-002  9.51654323204749291E-007  0.43206314510763832       0.56793685489236267       1.29429501041150162E-008 -9.51654323205281862E-007
   920.00000000000000       0.50026092177362447       0.49973907822637587       6.79365741613871810E-002  8.83993448550436291E-007  0.43206294200961382       0.56793705799038674       1.07053364026941639E-008 -8.83993448552495746E-007
   930.00000000000000       0.50025777627785195       0.49974222372214766       6.79368050120257999E-002  8.18774170394185104E-007  0.43206272144572599       0.56793727855427290       9.11336865942969801E-009 -8.18774170396284263E-007
   940.00000000000000       0.50025483241974933       0.49974516758025178       6.79370540201354040E-002  7.63338893854042369E-007  0.43206248204230085       0.56793751795769987       1.08801145017048331E-008 -7.63338893857304928E-007
   950.00000000000000       0.50025208385723896       0.49974791614276104       6.79373228001532020E-002  7.11489484544029100E-007  0.43206222221737917       0.56793777778262056       6.42508435347954936E-009 -7.11489484544755325E-007
   960.00000000000000       0.50024950327845219       0.49975049672154792       6.79376130625695823E-002  6.60406857040243015E-007  0.43206194035682477       0.56793805964317601       8.63332137032505616E-009 -6.60406857039513931E-007
   970.00000000000000       0.50024708655614558       0.49975291344385486       6.79379262625846164E-002  6.20903374785096540E-007  0.43206163502814354       0.56793836497185679       8.52453450908766503E-009 -6.20903374784419549E-007
   980.00000000000000       0.50024482267756154       0.49975517732243896       6.79382634875312363E-002  5.77566505253999059E-007  0.43206130518538832       0.56793869481461290       5.17398460979540723E-009 -5.77566505252864458E-007
   990.00000000000000       0.50024268978743147       0.49975731021256764       6.79386253125529166E-002  5.40439213515456280E-007  0.43206095032648367       0.56793904967351538       9.54190347975179422E-009 -5.40439213518861670E-007
   1000.0000000000000       0.50024069276260319       0.49975930723739687       6.79390115964677299E-002  5.09465939185943168E-007  0.43206057058210118       0.56793942941789888       6.78882057808695358E-009 -5.09465939186923715E-007
   1010.0000000000000       0.50023881278976123       0.49976118721023954       6.79394216137415574E-002  4.74000172985024221E-007  0.43206016673836090       0.56793983326163955       6.60295948579533933E-009 -4.74000172985784380E-007
   1020.0000000000000       0.50023704055677809       0.49976295944322163       6.79398539740699997E-002  4.47279112034193159E-007  0.43205974021492116       0.56794025978507756       9.92555839006605602E-009 -4.47279112032933621E-007
   1030.0000000000000       0.50023537861063438       0.49976462138936550       6.79403066538703665E-002  4.21316741512926836E-007  0.43205929302882290       0.56794070697117760       6.51994802701888587E-009 -4.21316741510970879E-007
   1040.0000000000000       0.50023380792790439       0.49976619207209616       6.79407771184054876E-002  3.93211644968747816E-007  0.43205882777148019       0.56794117222852081       8.33666399390397261E-009 -3.93211644968310906E-007
   1050.0000000000000       0.50023232727237377       0.49976767272762623       6.79412622021864504E-002  3.73360967911008409E-007  0.43205834761098838       0.56794165238901106       1.00983568750297914E-008 -3.73360967913611765E-007
   1060.0000000000000       0.50023093551337527       0.49976906448662528       6.79417581447153834E-002  3.51066379039068521E-007  0.43205785630993410       0.56794214369006712       6.93027658575889578E-009 -3.51066379039603634E-007
   1070.0000000000000       0.50022961591489679       0.49977038408510222       6.79422606339446372E-002  3.28891419049749939E-007  0.43205735822833330       0.56794264177166542       1.00254511477594038E-008 -3.28891419050288228E-007
   1080.0000000000000       0.50022837254343855       0.49977162745656123       6.79427647523894590E-002  3.13804958905032102E-007  0.43205685826979945       0.56794314173020100       1.01958156671860114E-008 -3.13804958903125695E-007
   1090.0000000000000       0.50022720043657665       0.49977279956342230       6.79432652146453597E-002  2.93927716931021252E-007  0.43205636173257600       0.56794363826742311       7.66728075992271413E-009 -2.93927716927374934E-007
   1100.0000000000000       0.50022608606372365       0.49977391393627529       6.79437566298934648E-002  2.76969290914955874E-007  0.43205587404635898       0.56794412595363974       1.15863650742303420E-008 -2.76969290916587259E-007
   1110.0000000000000       0.50022503748273450       0.49977496251726444       6.79442337769216725E-002  2.64985319757209344E-007  0.43205540040702883       0.56794459959296961       9.83452885242387535E-009 -2.64985319757950974E-007
   1120.0000000000000       0.50022404460740866       0.49977595539258995       6.79446921453182029E-002  2.46964025925989625E-007  0.43205494535406119       0.56794505464593825       8.73485210192612741E-009 -2.46964025923748111E-007
   1130.0000000000000       0.50022309951863619       0.49977690048136403       6.79451282858546945E-002  2.35000764503294952E-007  0.43205451236015857       0.56794548763984110       1.27173157800448041E-008 -2.35000764502344925E-007
   1140.0000000000000       0.50022221138078959       0.49977778861921068       6.79455400861504050E-002  2.24368320132923223E-007  0.43205410351008028       0.56794589648991889       9.38101885318682579E-009 -2.24368320130830814E-007
   1150.0000000000000       0.50022136529591565       0.49977863470408396       6.79459270623485739E-002  2.08404433144242035E-007  0.43205371933259812       0.56794628066740083       1.06203326664108310E-008 -2.08404433145628072E-007
   1160.0000000000000       0.50022056130573089       0.49977943869426800       6.79462902247991024E-002  2.00638571013318355E-007  0.43205335881817070       0.56794664118182847       1.36040272485942266E-008 -2.00638571013132485E-007
   1170.0000000000000       0.50021980549768752       0.49978019450231237       6.79466319062334706E-002  1.89729128414766364E-007  0.43205301961659842       0.56794698038340197       9.65204439643818701E-009 -1.89729128417816371E-007
   1180.0000000000000       0.50021908101360357       0.49978091898639726       6.79469555143861065E-002  1.76488900800688063E-007  0.43205269837195059       0.56794730162805018       1.32107233946962762E-008 -1.76488900803304680E-007
   1190.0000000000000       0.50021839603411089       0.49978160396588850       6.79472649816119240E-002  1.71471308513908567E-007  0.43205239112884741       0.56794760887115303       1.38528493014499367E-008 -1.71471308515258393E-007
   1200.0000000000000       0.50021774968654564       0.49978225031345452       6.79475644602276357E-002  1.59586241351924545E-007  0.43205209373879827       0.56794790626120217       1.03559739497192907E-008 -1.59586241353406165E-007
