  5.99999986588954926E-002  0.99999999999999989        0.0000000000000000        0.0000000000000000        0.0000000000000000       0.99998552971755206       1.44702824484759495E-005 -2.97329480520332895E-003  1.42164593835512375E-020
   10.000000000000000       0.99999590067344246       4.09932655753213867E-006 -3.83390738326651770E-004  1.54232188359827000E-003  0.99998092834851748       1.90716514821679707E-005 -3.07739750309736319E-003 -1.54232188359826957E-003
   20.000000000000000       0.99998216348892710       1.78365110737805384E-005 -1.52174205364775396E-003  2.96249193940753336E-003  0.99997623162353366       2.37683764667564065E-005 -2.49612218554261765E-003 -2.96249193940753336E-003
   30.000000000000000       0.99995812335298750       4.18766470117985388E-005 -3.27290586610525392E-003  3.94879485463465150E-003  0.99997269125358257       2.73087464151618496E-005 -1.37973066051586533E-003 -3.94879485463465150E-003
   40.000000000000000       0.99992558783224572       7.44121677549532850E-005 -5.36370730509521439E-003  4.29986191711541777E-003  0.99997151674850193       2.84832514966233332E-005 -1.01906459412849241E-005 -4.29986191711541777E-003
   50.000000000000000       0.99988888862948044       1.11111370519169817E-004 -7.45897516721686672E-003  3.97432559499215615E-003  0.99997348648894024       2.65135110599209094E-005  1.26783477668466452E-003 -3.97432559499215615E-003
   60.000000000000000       0.99985410645008410       1.45893549916129229E-004 -9.24593233475577009E-003  3.10131673706110465E-003  0.99997859169160397       2.14083083971376093E-005  2.13137595740924522E-003 -3.10131673706110465E-003
   70.000000000000000       0.99982746537637002       1.72534623630178570E-004 -1.05132891477598012E-002  1.94921844720512749E-003  0.99998583376245265       1.41662375473915655E-005  2.35827673352741532E-003 -1.94921844720512684E-003
   80.000000000000000       0.99981316178252777       1.86838217472390508E-004 -1.12056688781006185E-002  8.60301016595600601E-004  0.99999327609176891       6.72390823012995741E-006  1.88168227894700501E-003 -8.60301016595600601E-004
   90.000000000000000       0.99981115157488776       1.88848425112178104E-004 -1.14400188300106329E-002  1.67209579184536463E-004  0.99999839445685046       1.60554315119925715E-006  8.06548791110948808E-004 -1.67209579184536436E-004
   100.00000000000000       0.99981557915254848       1.84420847451205916E-004 -1.14799512899350555E-002  1.11721463115058397E-004  0.99999868575084405       1.31424915545388172E-006 -6.15890752584713637E-004 -1.11721463115058478E-004
   110.00000000000000       0.99981451172256319       1.85488277436566434E-004 -1.16742463615935113E-002  7.85648888141544585E-004  0.99999240411719015       7.59588281086682609E-006 -2.04949438878011076E-003 -7.85648888141544477E-004
   120.00000000000000       0.99979140154239321       2.08598457606388381E-004 -1.23745216585471624E-002  2.10836748150279281E-003  0.99997922497309399       2.07750269042337746E-005 -3.15543772857927382E-003 -2.10836748150279238E-003
   130.00000000000000       0.99972825696646961       2.71743033530396250E-004 -1.38521897511697783E-002  3.84651758093580319E-003  0.99996061794674729       3.93820532530479980E-005 -3.67520887678512292E-003 -3.84651758093580362E-003
   140.00000000000000       0.99960995344037629       3.90046559623801359E-004 -1.62350319629058978E-002  5.67112899110186822E-003  0.99993975600637297       6.02439936268684526E-005 -3.49406162647410840E-003 -5.67112899110186908E-003
   150.00000000000000       0.99942860973500569       5.71390264993717036E-004 -1.94789592472571250E-002  7.23826578074731556E-003  0.99992089829624609       7.91017037536022690E-005 -2.66934979316615396E-003 -7.23826578074731556E-003
   160.00000000000000       0.99918666825009506       8.13331749904652626E-004 -2.33819564590544288E-002  8.27350267327481639E-003  0.99990833522353395       9.16647764663958814E-005 -1.41670682952828135E-003 -8.27350267327481639E-003
   170.00000000000000       0.99889739776315178       1.10260223684883443E-003 -2.76368916947474334E-002  8.63954031237249009E-003  0.99990513506618783       9.48649338125877534E-005 -5.73187807293621640E-005 -8.63954031237249183E-003
   180.00000000000000       0.99858204465796840       1.41795534203196594E-003 -3.19103203733907548E-002  8.37030233096451755E-003  0.99991203321723188       8.79667827686074374E-005  1.06092285655959339E-003 -8.37030233096451755E-003
   190.00000000000000       0.99826373107528477       1.73626892471442701E-003 -3.59279531554917222E-002  7.66297933964185229E-003  0.99992681709054165       7.31829094579028856E-005  1.64912298199699006E-003 -7.66297933964185229E-003
   200.00000000000000       0.99795923769661354       2.04076230338632973E-003 -3.95456853725811297E-002  6.82975514827490002E-003  0.99994446335349196       5.55366465072872650E-005  1.54884463105806839E-003 -6.82975514827489916E-003
   210.00000000000000       0.99767071610674385       2.32928389325572993E-003 -4.27884861922047180E-002  6.22090167264303853E-003  0.99995809388821388       4.19061117854012158E-005  7.71543272505000304E-004 -6.22090167264303939E-003
   220.00000000000000       0.99737982628707478       2.62017371292529817E-003 -4.58472615556394514E-002  6.13814256208249174E-003  0.99996057994796450       3.94200520355271174E-005 -5.04105427215472443E-004 -6.13814256208249087E-003
   230.00000000000000       0.99704654064250453       2.95345935749571692E-003 -4.90341996495810215E-002  6.75985831129142980E-003  0.99994640898676190       5.35910132372910265E-005 -1.97675674768154567E-003 -6.75985831129142893E-003
   240.00000000000000       0.99661382661013465       3.38617338986531378E-003 -5.27075735274674662E-002  8.09708269711484699E-003  0.99991330471039330       8.66952896064125369E-005 -3.29816361393692496E-003 -8.09708269711484872E-003
   250.00000000000000       0.99601778779201722       3.98221220798209482E-003 -5.71849044094839484E-002  9.99182448991091897E-003  0.99986310357492880       1.36896425071548800E-004 -4.16151086870229347E-003 -9.99182448991091897E-003
   260.00000000000000       0.99520102087555939       4.79897912443970082E-003 -6.26666916564191517E-002  1.21587369526064554E-002  0.99980154348662997       1.98456513369989462E-004 -4.38022279839592535E-003 -1.21587369526064554E-002
   270.00000000000000       0.99412549528499328       5.87450471500707873E-003 -6.91905604716767653E-002  1.42601069000586229E-002  0.99973686787938731       2.63132120613971136E-004 -3.93730466328025101E-003 -1.42601069000586264E-002
   280.00000000000000       0.99278073270391243       7.21926729608835839E-003 -7.66280314135429214E-002  1.59953945103522982E-002  0.99967740798178406       3.22592018217037705E-004 -2.99273158041796520E-003 -1.59953945103523017E-002
   290.00000000000000       0.99118378732964729       8.81621267035320906E-003 -8.47249688435877113E-002  1.71825632694305001E-002  0.99962848242103375       3.71517578966364028E-004 -1.84742382193540684E-003 -1.71825632694305036E-002
   300.00000000000000       0.98936945628429684       1.06305437157028764E-002 -9.31749961835134782E-002  1.78105249982715465E-002  0.99958897122226276       4.11028777736712403E-004 -8.74104230666160873E-004 -1.78105249982715465E-002
   310.00000000000000       0.98737179574653844       1.26282042534618718E-002 -0.10170603834121350       1.80499012465712080E-002  0.99954775994657585       4.52240053422398145E-004 -4.34520374038958098E-004 -1.80499012465712115E-002
   320.00000000000000       0.98520056045088200       1.47994395491166941E-002 -0.11015638610098184       1.82209548370280937E-002  0.99947996888980339       5.20031110196707128E-004 -8.06283984917348612E-004 -1.82209548370280937E-002
   330.00000000000000       0.98281772694322267       1.71822730567775181E-002 -0.11851954123094134       1.87296458684856441E-002  0.99934262825051001       6.57371749491275051E-004 -2.13947747906762919E-003 -1.87296458684856476E-002
   340.00000000000000       0.98011917674765725       1.98808232523425589E-002 -0.12694585120237001       1.99915957545216613E-002  0.99906943285101990       9.30567148979199944E-004 -4.45378624802560130E-003 -1.99915957545216613E-002
   350.00000000000000       0.97692483547497322       2.30751645250262122E-002 -0.13570090482432171       2.23663903705546632E-002  0.99856457479776939       1.43542520223077221E-003 -7.67391106558508885E-003 -2.23663903705546632E-002
   360.00000000000000       0.97297768238450111       2.70223176154994367E-002 -0.14509204354100302       2.61200862049031333E-002  0.99769641277517651       2.30358722482304620E-003 -1.16884614220326959E-002 -2.61200862049031403E-002
   370.00000000000000       0.96794916164205602       3.20508383579443182E-002 -0.15538157583154708       3.14233422288028516E-002  0.99629263976659987       3.70736023340182937E-003 -1.64095601148649510E-002 -3.14233422288028516E-002
   380.00000000000000       0.96144685579297584       3.85531442070242078E-002 -0.16670637721583187       3.83796556758336307E-002  0.99413919872557777       5.86080127442435012E-003 -2.18097148245356837E-002 -3.83796556758336307E-002
   390.00000000000000       0.95302066867929891       4.69793313207010760E-002 -0.17901890833728731       4.70670203171892135E-002  0.99098505642943235       9.01494357056677881E-003 -2.79194047626359701E-002 -4.70670203171892135E-002
   400.00000000000000       0.94216630011256086       5.78336998874391731E-002 -0.19205686363527055       5.75706891277939503E-002  0.98655405253183215       1.34459474681674959E-002 -3.47810664624158203E-002 -5.75706891277939503E-002
   410.00000000000000       0.92832869398727957       7.16713060127207036E-002 -0.20534125107617540       6.99865479494272691E-002  0.98056388885757462       1.94361111424251609E-002 -4.23689885140701855E-002 -6.99865479494272552E-002
   420.00000000000000       0.91091195233255207       8.90880476674481003E-002 -0.21819861574094571       8.43834598989475215E-002  0.97275162037500729       2.72483796249923457E-002 -5.04962165317878603E-002 -8.43834598989475076E-002
   430.00000000000000       0.88930428130308492       0.11069571869691461      -0.22980325788063879       0.10072626151188009       0.96290501826363206       3.70949817363670428E-002 -5.87361946458388601E-002 -0.10072626151188009     
   440.00000000000000       0.86292560774035421       0.13707439225964696      -0.23923819992809797       0.11877506298129242       0.95089924370344558       4.91007562965562402E-002 -6.63872329468505051E-002 -0.11877506298129242     
   450.00000000000000       0.83130118792437646       0.16869881207562309      -0.24557637808431565       0.13798719058025843       0.93673712275763421       6.32628772423642904E-002 -7.25018060913623502E-002 -0.13798719058025843     
   460.00000000000000       0.79415752886603752       0.20584247113396228      -0.24798326984614072       0.15745253174618462       0.92058815474319167       7.94118452568100819E-002 -7.59907290726772322E-002 -0.15745253174618462     
   470.00000000000000       0.75152890646240955       0.24847109353759089      -0.24583775776363956       0.17588994794238758       0.90281704658339035       9.71829534166108872E-002 -7.57958634569068646E-002 -0.17588994794238758     
   480.00000000000000       0.70385580134874504       0.29614419865125430      -0.23886047340288741       0.19172252943443618       0.88398958910827485       0.11601041089172574      -7.11068686783750820E-002 -0.19172252943443621     
   490.00000000000000       0.65205261105276136       0.34794738894723831      -0.22723066645785431       0.20323507196034679       0.86484497598268428       0.13515502401731511      -6.15815242335498517E-002 -0.20323507196034679     
   500.00000000000000       0.59752228152400788       0.40247771847599229      -0.21166654316651209       0.20880112855460323       0.84623040881645561       0.15376959118354525      -4.75195561548485343E-002 -0.20880112855460325     
   510.00000000000000       0.54210044291218096       0.45789955708781921      -0.19344208622998821       0.20715168337197951       0.82900428299542561       0.17099571700457641      -2.99400260085006427E-002 -0.20715168337197951     
   520.00000000000000       0.48792099457539745       0.51207900542460150      -0.17431698214860100       0.19764431534520441       0.81392429648017972       0.18607570351981845      -1.05237366742279622E-002 -0.19764431534520444     
   530.00000000000000       0.43720819934179633       0.56279180065820389      -0.15636656832655502       0.18048185919231163       0.80154212769337085       0.19845787230662734       8.59551123000551302E-003 -0.18048185919231158     
   540.00000000000000       0.39201602618237380       0.60798397381762570      -0.14171640178680681       0.15682543846304275       0.79212463723129423       0.20787536276870505       2.51756469351237938E-002 -0.15682543846304278     
   550.00000000000000       0.35395149967461598       0.64604850032538497      -0.13221010540050265       0.12875266358952012       0.78561377755037565       0.21438622244962779       3.72959020902764032E-002 -0.12875266358952012     
   560.00000000000000       0.32393145280743035       0.67606854719257037      -0.12906489704523416       9.90325053350714080E-002  0.78162697005128956       0.21837302994871130       4.37870329310950726E-002 -9.90325053350713802E-002
   570.00000000000000       0.30202645232089304       0.69797354767910647      -0.13258791666950673       7.07253464315581448E-002  0.77949076685804597       0.22050923314195148       4.45585310561337766E-002 -7.07253464315581448E-002
   580.00000000000000       0.28743731846936704       0.71256268153063340      -0.14202793283103649       4.66643552770316522E-002  0.77829615485148196       0.22170384514851821       4.07242240664581270E-002 -4.66643552770316661E-002
   590.00000000000000       0.27862701541246920       0.72137298458753107      -0.15561478845222887       2.89190474780329394E-002  0.77696470115659022       0.22303529884340992       3.44631267122506163E-002 -2.89190474780329464E-002
   600.00000000000000       0.27359705325213002       0.72640294674786998      -0.17079540689974712       1.83662301131673686E-002  0.77431952631325274       0.22568047368674543       2.86139698685645635E-002 -1.83662301131673616E-002
   610.00000000000000       0.27026123791112333       0.72973876208887767      -0.18462284073494814       1.44838092152762259E-002  0.76916107022083591       0.23083892977916542       2.60738559469467536E-002 -1.44838092152762329E-002
   620.00000000000000       0.26684158948482678       0.73315841051517328      -0.19421219969351500       1.54367795831846719E-002  0.76035171930161249       0.23964828069838612       2.91314970579741248E-002 -1.54367795831846580E-002
   630.00000000000000       0.26220105945711275       0.73779894054288786      -0.19716074473187392       1.84536673896846803E-002  0.74691325928308894       0.25308674071691084       3.88928846247375073E-002 -1.84536673896846873E-002
   640.00000000000000       0.25603955089721914       0.74396044910278081      -0.19184554157004738       2.04173841629699294E-002  0.72813603891897827       0.27186396108102306       5.49417717589324658E-002 -2.04173841629699190E-002
   650.00000000000000       0.24891082306464371       0.75108917693535604      -0.17755433254009326       1.85399205277316272E-002  0.70368994349851111       0.29631005650148828       7.53231439990422608E-002 -1.85399205277316133E-002
   660.00000000000000       0.24205927601751764       0.75794072398248225      -0.15445712672194664       1.09710734778287831E-002  0.67371798449743048       0.32628201550256830       9.68612463025347731E-002 -1.09710734778287917E-002
   670.00000000000000       0.23711583915194029       0.76288416084805988      -0.12346816429152022      -2.78955653627997258E-003  0.63888775094140338       0.36111224905859646       0.11574657919751807       2.78955653627997084E-003
   680.00000000000000       0.23572103360845370       0.76427896639154669      -8.60664292954464311E-002 -2.17595998885777575E-002  0.60037779439246164       0.39962220560753886       0.12826822926582340       2.17595998885777783E-002
   690.00000000000000       0.23915481374888339       0.76084518625111686      -4.41340494732781266E-002 -4.36400184912541164E-002  0.55978652300393417       0.44021347699606883       0.13154091910357207       4.36400184912541442E-002
   700.00000000000000       0.24804634314028490       0.75195365685971449       1.57515317868330939E-004 -6.52402488526963448E-002  0.51896824725936108       0.48103175274063892       0.12408272224665899       6.52402488526963170E-002
   710.00000000000000       0.26221613012178729       0.73778386987821343       4.44201577427859040E-002 -8.30762043637752329E-002  0.47981957444752021       0.52018042555247923       0.10613398214193226       8.30762043637752190E-002
   720.00000000000000       0.28067408912006026       0.71932591087993980       8.61163896230184578E-002 -9.40284071601562160E-002  0.44405324589531836       0.55594675410468131       7.96604252086481196E-002  9.40284071601562715E-002
   730.00000000000000       0.30176668576401738       0.69823331423598256       0.12266768288744882      -9.59413180899012785E-002  0.41300102312442183       0.58699897687557701       4.80423867221755202E-002  9.59413180899013063E-002
   740.00000000000000       0.32343993271502841       0.67656006728497142       0.15163909792762698      -8.80570304095639050E-002  0.38748090804758445       0.61251909195241594       1.55073604062099194E-002  8.80570304095638773E-002
   750.00000000000000       0.34356651597874588       0.65643348402125412       0.17100580479024488      -7.12039296945408684E-002  0.36774904829365057       0.63225095170634960      -1.35930293280211861E-002  7.12039296945408962E-002
   760.00000000000000       0.36027687905622247       0.63972312094377715       0.17946887160191885      -4.77004820777324132E-002  0.35353788998882985       0.64646211001116938      -3.55334917982117679E-002  4.77004820777323507E-002
   770.00000000000000       0.37223622792388172       0.62776377207611900       0.17675352212063999      -2.09820019923935008E-002  0.34416485078925418       0.65583514921074504      -4.78581816863516696E-002  2.09820019923935078E-002
   780.00000000000000       0.37882129426957345       0.62117870573042711       0.16380499926595540       4.99166283048200262E-003  0.33868413076766313       0.66131586923233676      -4.97971622695264279E-002 -4.99166283048203038E-003
   790.00000000000000       0.38017015480963179       0.61982984519036843       0.14280320768818561       2.64450222598709324E-002  0.33605014947013051       0.66394985052987032      -4.23739494712343512E-002 -2.64450222598709601E-002
   800.00000000000000       0.37710211846839864       0.62289788153160186       0.11694890740529483       4.04801750576606889E-002  0.33526408962218368       0.66473591037781599      -2.81764609991321351E-002 -4.04801750576606889E-002
   810.00000000000000       0.37092846659510897       0.62907153340489075       9.00254294156639101E-002  4.56158898204640298E-002  0.33548310091260586       0.66451689908739375      -1.08278384626608500E-002 -4.56158898204640159E-002
   820.00000000000000       0.36319422556919212       0.63680577443080866       6.57983595936162818E-002  4.20563573054972620E-002  0.33608213526289388       0.66391786473710668       5.74441110565756217E-003 -4.20563573054972550E-002
   830.00000000000000       0.35540235247475638       0.64459764752524296       4.73656465282587327E-002  3.16233177799106896E-002  0.33666856342332879       0.66333143657667104       1.80962151745532110E-002 -3.16233177799106965E-002
   840.00000000000000       0.34877244849694844       0.65122755150305178       3.65971653529666222E-002  1.73544812010417472E-002  0.33705776783622415       0.66294223216377635       2.39484722847427417E-002 -1.73544812010417472E-002
   850.00000000000000       0.34407630984234766       0.65592369015765228       3.37960820149968977E-002  2.84521862154578625E-003  0.33722281475511734       0.66277718524488305       2.26156219756965884E-002 -2.84521862154577974E-003
   860.00000000000000       0.34157456704013855       0.65842543295986111       3.76729676864231769E-002 -8.52817773544473079E-003  0.33723290260983851       0.66276709739016104       1.50853221730408351E-002  8.52817773544474293E-003
   870.00000000000000       0.34105652060738090       0.65894347939261888       4.56555357156355895E-002 -1.43329332247990188E-002  0.33719400576059572       0.66280599423940523       3.72891748827435194E-003  1.43329332247990101E-002
   880.00000000000000       0.34196410658057341       0.65803589341942648       5.44780307294810695E-002 -1.35877040631644814E-002  0.33720179908677600       0.66279820091322428      -8.29381075430181067E-003  1.35877040631644623E-002
   890.00000000000000       0.34356539124604302       0.65643460875395621       6.09245683704866051E-002 -6.93588122404251856E-003  0.33731252856428856       0.66268747143571149      -1.78001119549169480E-002  6.93588122404253243E-003
   900.00000000000000       0.34513623398739729       0.65486376601260177       6.25586798060205479E-002  3.55755245746722801E-003  0.33753293676484813       0.66246706323514981      -2.23424769812945595E-002 -3.55755245746723235E-003
   910.00000000000000       0.34611164331537103       0.65388835668462897       5.82691021308862217E-002  1.49388567595894386E-002  0.33782646606440248       0.66217353393559708      -2.07816947379346056E-002 -1.49388567595894663E-002
   920.00000000000000       0.34617940140417752       0.65382059859582276       4.85016560634617747E-002  2.41020107052087214E-002  0.33813031813047167       0.66186968186952966      -1.35394001299151794E-002 -2.41020107052087075E-002
   930.00000000000000       0.34530443911909392       0.65469556088090552       3.51201768496319858E-002  2.85527550991239373E-002  0.33837682853748380       0.66162317146251615      -2.47082978865034589E-003 -2.85527550991239443E-002
   940.00000000000000       0.34368904320836208       0.65631095679163709       2.09283613803527870E-002  2.70164039285666069E-002  0.33851299736227369       0.66148700263772631       9.61006055989461518E-003 -2.70164039285666346E-002
   950.00000000000000       0.34168736262897942       0.65831263737102086       8.96705822360492621E-003  1.97428048388661008E-002  0.33851360235585737       0.66148639764414197       1.96365529141830433E-002 -1.97428048388660730E-002
   960.00000000000000       0.33970014195697729       0.66029985804302294       1.75713477004815766E-003  8.43522461354579735E-003  0.33838561483125656       0.66161438516874460       2.50532125087898488E-002 -8.43522461354579735E-003
   970.00000000000000       0.33807617118472788       0.66192382881527179       6.72342101961756998E-004 -4.17831196806717296E-003  0.33816405927898607       0.66183594072101237       2.44507850120361733E-002  4.17831196806715908E-003
   980.00000000000000       0.33704139690650886       0.66295860309349142       5.59556192487155064E-003 -1.50251807103174671E-002  0.33790146753656974       0.66209853246343120       1.79163884508647502E-002  1.50251807103174602E-002
   990.00000000000000       0.33666713539986226       0.66333286460013807       1.49428055511403087E-002 -2.14521251342568303E-002  0.33765429205254288       0.66234570794745840       7.01340139839044460E-003  2.14521251342568303E-002
   1000.0000000000000       0.33687815547914707       0.66312184452085388       2.60492297656765466E-002 -2.18848700594584909E-002  0.33746989857650800       0.66253010142349156      -5.60349468273398186E-003  2.18848700594584909E-002
   1010.0000000000000       0.33749222496153453       0.66250777503846592       3.58224545997793617E-002 -1.62210174431073086E-002  0.33737713109795803       0.66262286890204181      -1.68429394621571367E-002  1.62210174431073155E-002
   1020.0000000000000       0.33827694902920380       0.66172305097079520       4.15026135542739330E-002 -5.85959023635606712E-003  0.33738219884357146       0.66261780115642865      -2.39397279594983428E-002  5.85959023635611136E-003
   1030.0000000000000       0.33900817438254433       0.66099182561745595       4.13421438102087729E-002  6.63994485259805384E-003  0.33747015261427910       0.66252984738572063      -2.51378795424092999E-002 -6.63994485259805731E-003
   1040.0000000000000       0.33951656288092769       0.66048343711907254       3.50378997638295317E-002  1.81851781968870828E-002  0.33761087790813543       0.66238912209186496      -2.01257008251717606E-002 -1.81851781968870897E-002
   1050.0000000000000       0.33971395595366355       0.66028604404633584       2.38089587389002759E-002  2.59103407367580439E-002  0.33776763167245877       0.66223236832754107      -1.01156904036011248E-002 -2.59103407367580578E-002
   1060.0000000000000       0.33959722294326294       0.66040277705673678       1.01005331946773663E-002  2.78811033665604009E-002  0.33790583909570981       0.66209416090429063       2.45048596991644845E-003 -2.78811033665604009E-002
   1070.0000000000000       0.33923281006009276       0.66076718993990702      -3.01370223468158151E-003  2.35712423599973610E-002  0.33800013523710687       0.66199986476289352       1.44995474594015218E-002 -2.35712423599973471E-002
   1080.0000000000000       0.33872899067299533       0.66127100932700422      -1.25844108575843619E-002  1.39939111571996781E-002  0.33803833526025279       0.66196166473974827       2.30799498648809401E-002 -1.39939111571996747E-002
   1090.0000000000000       0.33820429645165534       0.66179570354834372      -1.65098749675155823E-002  1.45510939989515497E-003  0.33802191706021284       0.66197808293978710       2.60860591140498893E-002 -1.45510939989516928E-003
   1100.0000000000000       0.33775986510296407       0.66224013489703559      -1.40522564166965704E-002 -1.10102978557995550E-002  0.33796345805726608       0.66203654194273409       2.27753447835821500E-002  1.10102978557995272E-002
   1110.0000000000000       0.33746106625826094       0.66253893374173911      -6.02004949596431863E-003 -2.03817466949483619E-002  0.33788208831643934       0.66211791168356104       1.39515946625635746E-002  2.03817466949483550E-002
   1120.0000000000000       0.33733062690792792       0.66266937309207230       5.42823143281319538E-003 -2.43930982505809087E-002  0.33779829703172265       0.66220170296827718       1.76908856006503909E-003  2.43930982505809017E-002
   1130.0000000000000       0.33735244976821649       0.66264755023178290       1.73112209518189036E-002 -2.20882308338781787E-002  0.33772935078898242       0.66227064921101830      -1.07943685600127258E-002  2.20882308338781752E-002
   1140.0000000000000       0.33748308156530871       0.66251691843469163       2.65536920970851180E-002 -1.40558477275859808E-002  0.33768622747899002       0.66231377252101054      -2.06664606660195600E-002  1.40558477275859982E-002
   1150.0000000000000       0.33766670137498439       0.66233329862501567       3.07388286381162883E-002 -2.28587423139507478E-003  0.33767246940980311       0.66232753059019656      -2.54327962574461830E-002  2.28587423139510817E-003
   1160.0000000000000       0.33784957748093075       0.66215042251907008       2.86994955695189374E-002  1.03174463523396810E-002  0.33768485534998793       0.66231514465001262      -2.39283926315782096E-002 -1.03174463523396827E-002
   1170.0000000000000       0.33799092400550068       0.66200907599449932       2.08036344637080768E-002  2.06465271821105016E-002  0.33771540189903859       0.66228459810096174      -1.65232669902169171E-002 -2.06465271821104947E-002
   1180.0000000000000       0.33806855789437279       0.66193144210562693       8.86381889688220466E-003  2.61513512363789405E-002  0.33775399930747713       0.66224600069252337      -5.03212954351551882E-003 -2.61513512363789231E-002
   1190.0000000000000       0.33807926974949809       0.66192073025050047      -4.30694300193987765E-003  2.54639521972939292E-002  0.33779097890759996       0.66220902109239987       7.72974691714518793E-003 -2.54639521972939327E-002
   1200.0000000000000       0.33803502085385229       0.66196497914614894      -1.55844263623891345E-002  1.87335027838110846E-002  0.33781906286408642       0.66218093713591542       1.86357405060620929E-002 -1.87335027838110672E-002
